

============
Artic-24=================
Climate averaged properties [10^6 km^2] 
 max: 126.075889102: 
 min: 36.5547161247 
Linear Regression Results 
 slope: -1.76330926691e-17 
 intercept: 20.6975504029 
 r-value: -0.299993228802 
 p-value: 2.21033488225e-152 
 std_err: 6.54828352533e-19 
Anomaly distribution results 
 mean: 1489.84552303: 
 std: 10814792.4612 
 skew: 0.337682405658 
 kurtosis: 5.39756407875 
 kurtosis test p-value: 0.0 
 skew test p-value: 0.0