

============
tibet-24=================
Climate averaged properties [10^6 km^2] 
 max: 2.78642054358: 
 min: 0.151110912935 
Linear Regression Results 
 slope: -2.48688993416e-19 
 intercept: 0.290880909779 
 r-value: -0.126482534854 
 p-value: 2.30853707685e-26 
 std_err: 2.33134225219e-20 
Anomaly distribution results 
 mean: -309.847711772: 
 std: 358679.296716 
 skew: 2.36120418459 
 kurtosis: 29.36939348 
 kurtosis test p-value: 0.0 
 skew test p-value: 0.0