

============
Alps-24=================
Climate averaged properties [10^6 km^2] 
 max: 0.201316022363: 
 min: 0.00447460824872 
Linear Regression Results 
 slope: -1.47744010176e-20 
 intercept: 0.0173549485405 
 r-value: -0.0712264172239 
 p-value: 1.06483274079e-09 
 std_err: 2.41911872104e-21 
Anomaly distribution results 
 mean: 15.8812537274: 
 std: 38161.2218413 
 skew: 1.00442148705 
 kurtosis: 5.22434978599 
 kurtosis test p-value: 0.0 
 skew test p-value: 0.0